0 1.000000 0.000000 
1 1.000000 -0.100000 
2 0.998000 -0.197500 
3 0.994050 -0.292363 
4 0.988203 -0.384458 
5 0.980514 -0.473667 
6 0.971040 -0.559877 
7 0.959843 -0.642984 
8 0.946983 -0.722894 
9 0.932525 -0.799520 
10 0.916535 -0.872784 
11 0.899079 -0.942618 
12 0.880227 -1.008961 
13 0.860047 -1.071759 
14 0.838612 -1.130970 
15 0.815993 -1.186557 
16 0.792262 -1.238492 
17 0.767492 -1.286756 
18 0.741757 -1.331336 
19 0.715130 -1.372229 
20 0.687686 -1.409436 
21 0.659497 -1.442969 
22 0.630637 -1.472844 
23 0.601181 -1.499087 
24 0.571199 -1.521728 
25 0.540764 -1.540804 
26 0.509948 -1.556361 
27 0.478821 -1.568446 
28 0.447452 -1.577117 
29 0.415910 -1.582435 
30 0.384261 -1.584465 
31 0.352572 -1.583279 
32 0.320906 -1.578954 
33 0.289327 -1.571571 
34 0.257896 -1.561215 
35 0.226671 -1.547974 
36 0.195712 -1.531942 
37 0.165073 -1.513214 
38 0.134809 -1.491891 
39 0.104971 -1.468075 
40 0.075609 -1.441870 
41 0.046772 -1.413384 
42 0.018504 -1.382727 
43 -0.009150 -1.350009 
44 -0.036150 -1.315344 
45 -0.062457 -1.278845 
46 -0.088034 -1.240628 
47 -0.112847 -1.200809 
48 -0.136863 -1.159504 
49 -0.160053 -1.116830 
50 -0.182390 -1.072904 
51 -0.203848 -1.027843 
52 -0.224405 -0.981762 
53 -0.244040 -0.934777 
54 -0.262735 -0.887004 
55 -0.280475 -0.838555 
56 -0.297247 -0.789544 
57 -0.313037 -0.740081 
58 -0.327839 -0.690275 
59 -0.341645 -0.640234 
60 -0.354449 -0.590064 
61 -0.366250 -0.539867 
62 -0.377048 -0.489746 
63 -0.386843 -0.439797 
64 -0.395639 -0.390118 
65 -0.403441 -0.340801 
66 -0.410257 -0.291937 
67 -0.416096 -0.243613 
68 -0.420968 -0.195913 
69 -0.424886 -0.148918 
70 -0.427865 -0.102707 
71 -0.429919 -0.057353 
72 -0.431066 -0.012927 
73 -0.431324 0.030503 
74 -0.430714 0.072873 
75 -0.429257 0.114122 
76 -0.426974 0.154195 
77 -0.423891 0.193038 
78 -0.420030 0.230601 
79 -0.415418 0.266839 
80 -0.410081 0.301709 
81 -0.404047 0.335175 
82 -0.397343 0.367200 
83 -0.389999 0.397754 
84 -0.382044 0.426811 
85 -0.373508 0.454345 
86 -0.364421 0.480337 
87 -0.354814 0.504771 
88 -0.344719 0.527633 
89 -0.334166 0.548914 
90 -0.323188 0.568608 
91 -0.311816 0.586711 
92 -0.300082 0.603225 
93 -0.288017 0.618153 
94 -0.275654 0.631500 
95 -0.263024 0.643278 
96 -0.250159 0.653499 
97 -0.237089 0.662177 
98 -0.223845 0.669332 
99 -0.210458 0.674983 
100 -0.196959 0.679154 
101 -0.183376 0.681871 
102 -0.169738 0.683162 
103 -0.156075 0.683057 
104 -0.142414 0.681588 
105 -0.128782 0.678789 
106 -0.115206 0.674698 
107 -0.101712 0.669351 
108 -0.088325 0.662789 
109 -0.075070 0.655051 
110 -0.061969 0.646182 
111 -0.049045 0.636224 
112 -0.036320 0.625223 
113 -0.023816 0.613225 
114 -0.011551 0.600276 
115 0.000454 0.586424 
116 0.012183 0.571718 
117 0.023617 0.556207 
118 0.034741 0.539940 
119 0.045540 0.522967 
120 0.055999 0.505339 
121 0.066106 0.487106 
122 0.075848 0.468317 
123 0.085214 0.449025 
124 0.094195 0.429278 
125 0.102780 0.409126 
126 0.110963 0.388620 
127 0.118735 0.367808 
128 0.126092 0.346739 
129 0.133026 0.325462 
130 0.139536 0.304023 
131 0.145616 0.282469 
132 0.151265 0.260845 
133 0.156482 0.239198 
134 0.161266 0.217569 
135 0.165618 0.196004 
136 0.169538 0.174542 
137 0.173029 0.153224 
138 0.176093 0.132091 
139 0.178735 0.111179 
140 0.180958 0.090526 
141 0.182769 0.070167 
142 0.184172 0.050136 
143 0.185175 0.030466 
144 0.185784 0.011186 
145 0.186008 -0.007672 
146 0.185855 -0.026081 
147 0.185333 -0.044014 
148 0.184453 -0.061447 
149 0.183224 -0.078356 
150 0.181657 -0.094720 
151 0.179762 -0.110517 
152 0.177552 -0.125731 
153 0.175037 -0.140343 
154 0.172230 -0.154338 
155 0.169144 -0.167702 
156 0.165790 -0.180424 
157 0.162181 -0.192493 
158 0.158331 -0.203898 
159 0.154253 -0.214634 
160 0.149961 -0.224693 
161 0.145467 -0.234072 
162 0.140785 -0.242767 
163 0.135930 -0.250776 
164 0.130915 -0.258100 
165 0.125753 -0.264739 
166 0.120458 -0.270696 
167 0.115044 -0.275974 
168 0.109524 -0.280579 
169 0.103913 -0.284517 
170 0.098222 -0.287796 
171 0.092467 -0.290423 
172 0.086658 -0.292409 
173 0.080810 -0.293765 
174 0.074935 -0.294501 
175 0.069045 -0.294632 
176 0.063152 -0.294171 
177 0.057268 -0.293132 
178 0.051406 -0.291530 
179 0.045575 -0.289383 
180 0.039788 -0.286706 
181 0.034053 -0.283517 
182 0.028383 -0.279834 
183 0.022786 -0.275677 
184 0.017273 -0.271063 
185 0.011852 -0.266014 
186 0.006531 -0.260549 
187 0.001320 -0.254688 
188 -0.003773 -0.248453 
189 -0.008742 -0.241865 
190 -0.013580 -0.234944 
191 -0.018279 -0.227712 
192 -0.022833 -0.220191 
193 -0.027237 -0.212403 
194 -0.031485 -0.204370 
195 -0.035572 -0.196112 
196 -0.039494 -0.187652 
197 -0.043247 -0.179011 
198 -0.046828 -0.170211 
199 -0.050232 -0.161273 
200 -0.053457 -0.152218 
201 -0.056502 -0.143067 
202 -0.059363 -0.133840 
203 -0.062040 -0.124558 
204 -0.064531 -0.115240 
205 -0.066836 -0.105906 
206 -0.068954 -0.096575 
207 -0.070885 -0.087265 
208 -0.072631 -0.077995 
209 -0.074191 -0.068782 
210 -0.075566 -0.059643 
211 -0.076759 -0.050595 
212 -0.077771 -0.041655 
213 -0.078604 -0.032836 
214 -0.079261 -0.024155 
215 -0.079744 -0.015625 
216 -0.080056 -0.007260 
217 -0.080202 0.000927 
218 -0.080183 0.008924 
219 -0.080005 0.016719 
220 -0.079670 0.024302 
221 -0.079184 0.031661 
222 -0.078551 0.038788 
223 -0.077775 0.045674 
224 -0.076862 0.052309 
225 -0.075815 0.058688 
226 -0.074642 0.064802 
227 -0.073346 0.070646 
228 -0.071933 0.076215 
229 -0.070408 0.081503 
230 -0.068778 0.086506 
231 -0.067048 0.091221 
232 -0.065224 0.095645 
233 -0.063311 0.099777 
234 -0.061315 0.103613 
235 -0.059243 0.107154 
236 -0.057100 0.110400 
237 -0.054892 0.113350 
238 -0.052625 0.116005 
239 -0.050305 0.118368 
240 -0.047938 0.120439 
241 -0.045529 0.122222 
242 -0.043084 0.123719 
243 -0.040610 0.124935 
244 -0.038111 0.125872 
245 -0.035594 0.126537 
246 -0.033063 0.126933 
247 -0.030524 0.127066 
248 -0.027983 0.126941 
249 -0.025444 0.126566 
250 -0.022913 0.125946 
251 -0.020394 0.125089 
252 -0.017892 0.124001 
253 -0.015412 0.122690 
254 -0.012958 0.121164 
255 -0.010535 0.119431 
256 -0.008147 0.117499 
257 -0.005797 0.115376 
258 -0.003489 0.113071 
259 -0.001228 0.110593 
260 0.000984 0.107951 
261 0.003143 0.105154 
262 0.005246 0.102211 
263 0.007291 0.099131 
264 0.009273 0.095924 
265 0.011192 0.092598 
266 0.013044 0.089164 
267 0.014827 0.085631 
268 0.016540 0.082007 
269 0.018180 0.078303 
270 0.019746 0.074528 
271 0.021236 0.070690 
272 0.022650 0.066799 
273 0.023986 0.062864 
274 0.025243 0.058894 
275 0.026421 0.054897 
276 0.027519 0.050883 
277 0.028537 0.046859 
278 0.029474 0.042833 
279 0.030331 0.038815 
280 0.031107 0.034812 
281 0.031803 0.030831 
282 0.032420 0.026880 
283 0.032957 0.022966 
284 0.033417 0.019096 
285 0.033799 0.015277 
286 0.034104 0.011515 
287 0.034334 0.007817 
288 0.034491 0.004188 
289 0.034575 0.000634 
290 0.034587 -0.002839 
291 0.034530 -0.006227 
292 0.034406 -0.009524 
293 0.034215 -0.012727 
294 0.033961 -0.015830 
295 0.033644 -0.018831 
296 0.033268 -0.021724 
297 0.032833 -0.024508 
298 0.032343 -0.027179 
299 0.031799 -0.029733 
300 0.031205 -0.032170 
301 0.030561 -0.034486 
302 0.029872 -0.036680 
303 0.029138 -0.038750 
304 0.028363 -0.040695 
305 0.027549 -0.042514 
306 0.026699 -0.044206 
307 0.025815 -0.045771 
308 0.024899 -0.047208 
309 0.023955 -0.048518 
310 0.022985 -0.049701 
311 0.021991 -0.050757 
312 0.020976 -0.051687 
313 0.019942 -0.052492 
314 0.018892 -0.053174 
315 0.017829 -0.053734 
316 0.016754 -0.054173 
317 0.015670 -0.054494 
318 0.014581 -0.054699 
319 0.013487 -0.054790 
320 0.012391 -0.054769 
321 0.011295 -0.054638 
322 0.010203 -0.054402 
323 0.009115 -0.054062 
324 0.008033 -0.053622 
325 0.006961 -0.053085 
326 0.005899 -0.052454 
327 0.004850 -0.051732 
328 0.003815 -0.050924 
329 0.002797 -0.050033 
330 0.001796 -0.049062 
331 0.000815 -0.048015 
332 -0.000145 -0.046896 
333 -0.001083 -0.045709 
334 -0.001997 -0.044458 
335 -0.002886 -0.043147 
336 -0.003749 -0.041779 
337 -0.004585 -0.040360 
338 -0.005392 -0.038892 
339 -0.006170 -0.037381 
340 -0.006918 -0.035829 
341 -0.007634 -0.034242 
342 -0.008319 -0.032622 
343 -0.008971 -0.030975 
344 -0.009591 -0.029303 
345 -0.010177 -0.027612 
346 -0.010729 -0.025904 
347 -0.011247 -0.024183 
348 -0.011731 -0.022454 
349 -0.012180 -0.020719 
350 -0.012594 -0.018983 
351 -0.012974 -0.017249 
352 -0.013319 -0.015521 
353 -0.013630 -0.013801 
354 -0.013906 -0.012093 
355 -0.014147 -0.010400 
356 -0.014355 -0.008725 
357 -0.014530 -0.007072 
358 -0.014671 -0.005442 
359 -0.014780 -0.003839 
360 -0.014857 -0.002265 
361 -0.014902 -0.000722 
362 -0.014917 0.000786 
363 -0.014901 0.002258 
364 -0.014856 0.003692 
365 -0.014782 0.005085 
366 -0.014680 0.006436 
367 -0.014552 0.007743 
368 -0.014397 0.009005 
369 -0.014217 0.010219 
370 -0.014012 0.011385 
371 -0.013785 0.012502 
372 -0.013534 0.013568 
373 -0.013263 0.014582 
374 -0.012971 0.015544 
375 -0.012661 0.016453 
376 -0.012332 0.017307 
377 -0.011985 0.018108 
378 -0.011623 0.018854 
379 -0.011246 0.019545 
380 -0.010855 0.020181 
381 -0.010452 0.020762 
382 -0.010036 0.021288 
383 -0.009611 0.021759 
384 -0.009176 0.022176 
385 -0.008732 0.022539 
386 -0.008281 0.022849 
387 -0.007824 0.023106 
388 -0.007362 0.023311 
389 -0.006896 0.023464 
390 -0.006427 0.023567 
391 -0.005955 0.023621 
392 -0.005483 0.023626 
393 -0.005010 0.023583 
394 -0.004539 0.023495 
395 -0.004069 0.023361 
396 -0.003602 0.023184 
397 -0.003138 0.022965 
398 -0.002679 0.022704 
399 -0.002224 0.022405 
400 -0.001776 0.022067 
401 -0.001335 0.021693 
402 -0.000901 0.021284 
403 -0.000476 0.020842 
404 -0.000059 0.020369 
405 0.000349 0.019865 
406 0.000746 0.019334 
407 0.001133 0.018776 
408 0.001508 0.018193 
409 0.001872 0.017587 
410 0.002224 0.016961 
411 0.002563 0.016314 
412 0.002889 0.015650 
413 0.003202 0.014970 
414 0.003502 0.014275 
415 0.003787 0.013568 
416 0.004059 0.012850 
417 0.004316 0.012123 
418 0.004558 0.011389 
419 0.004786 0.010648 
420 0.004999 0.009903 
421 0.005197 0.009156 
422 0.005380 0.008407 
423 0.005548 0.007659 
424 0.005701 0.006913 
425 0.005840 0.006170 
426 0.005963 0.005432 
427 0.006072 0.004700 
428 0.006166 0.003975 
429 0.006245 0.003259 
430 0.006310 0.002553 
431 0.006361 0.001858 
432 0.006398 0.001176 
433 0.006422 0.000506 
434 0.006432 -0.000149 
435 0.006429 -0.000788 
436 0.006413 -0.001411 
437 0.006385 -0.002017 
438 0.006345 -0.002605 
439 0.006293 -0.003175 
440 0.006229 -0.003725 
441 0.006155 -0.004254 
442 0.006070 -0.004764 
443 0.005974 -0.005251 
444 0.005869 -0.005718 
445 0.005755 -0.006162 
446 0.005632 -0.006583 
447 0.005500 -0.006982 
448 0.005360 -0.007357 
449 0.005213 -0.007709 
450 0.005059 -0.008038 
451 0.004898 -0.008343 
452 0.004732 -0.008624 
453 0.004559 -0.008882 
454 0.004381 -0.009115 
455 0.004199 -0.009326 
456 0.004013 -0.009512 
457 0.003822 -0.009676 
458 0.003629 -0.009816 
459 0.003432 -0.009934 
460 0.003234 -0.010029 
461 0.003033 -0.010101 
462 0.002831 -0.010152 
463 0.002628 -0.010181 
464 0.002425 -0.010190 
465 0.002221 -0.010177 
466 0.002017 -0.010145 
467 0.001814 -0.010093 
468 0.001612 -0.010022 
469 0.001412 -0.009933 
470 0.001213 -0.009826 
471 0.001017 -0.009702 
472 0.000823 -0.009561 
473 0.000632 -0.009404 
474 0.000443 -0.009232 
475 0.000259 -0.009046 
476 0.000078 -0.008845 
477 -0.000099 -0.008632 
478 -0.000272 -0.008406 
479 -0.000440 -0.008169 
480 -0.000603 -0.007921 
481 -0.000762 -0.007662 
482 -0.000915 -0.007395 
483 -0.001063 -0.007118 
484 -0.001205 -0.006834 
485 -0.001342 -0.006543 
486 -0.001473 -0.006245 
487 -0.001597 -0.005942 
488 -0.001716 -0.005633 
489 -0.001829 -0.005321 
490 -0.001935 -0.005005 
491 -0.002035 -0.004686 
492 -0.002129 -0.004366 
493 -0.002217 -0.004044 
494 -0.002297 -0.003721 
495 -0.002372 -0.003398 
496 -0.002440 -0.003076 
497 -0.002501 -0.002755 
498 -0.002556 -0.002436 
499 -0.002605 -0.002119 
500 -0.002647 -0.001806 
501 -0.002684 -0.001496 
502 -0.002714 -0.001190 
503 -0.002737 -0.000889 
504 -0.002755 -0.000593 
505 -0.002767 -0.000303 
506 -0.002773 -0.000019 
507 -0.002773 0.000259 
508 -0.002768 0.000530 
509 -0.002758 0.000794 
510 -0.002742 0.001049 
511 -0.002721 0.001297 
512 -0.002695 0.001537 
513 -0.002664 0.001768 
514 -0.002629 0.001990 
515 -0.002589 0.002203 
516 -0.002545 0.002407 
517 -0.002497 0.002602 
518 -0.002445 0.002786 
519 -0.002389 0.002961 
520 -0.002330 0.003126 
521 -0.002267 0.003281 
522 -0.002202 0.003425 
523 -0.002133 0.003560 
524 -0.002062 0.003684 
525 -0.001988 0.003798 
526 -0.001912 0.003902 
527 -0.001834 0.003996 
528 -0.001754 0.004079 
529 -0.001673 0.004153 
530 -0.001590 0.004216 
531 -0.001505 0.004270 
532 -0.001420 0.004314 
533 -0.001334 0.004348 
534 -0.001247 0.004372 
535 -0.001159 0.004388 
536 -0.001071 0.004394 
537 -0.000984 0.004391 
538 -0.000896 0.004380 
539 -0.000808 0.004360 
540 -0.000721 0.004332 
541 -0.000634 0.004296 
542 -0.000548 0.004252 
543 -0.000463 0.004200 
544 -0.000379 0.004142 
545 -0.000297 0.004076 
546 -0.000215 0.004004 
547 -0.000135 0.003925 
548 -0.000056 0.003840 
549 0.000020 0.003750 
550 0.000095 0.003654 
551 0.000168 0.003553 
552 0.000239 0.003448 
553 0.000308 0.003338 
554 0.000375 0.003223 
555 0.000440 0.003105 
556 0.000502 0.002984 
557 0.000561 0.002859 
558 0.000619 0.002731 
559 0.000673 0.002601 
560 0.000725 0.002469 
561 0.000775 0.002334 
562 0.000821 0.002199 
563 0.000865 0.002062 
564 0.000907 0.001923 
565 0.000945 0.001785 
566 0.000981 0.001646 
567 0.001014 0.001506 
568 0.001044 0.001367 
569 0.001071 0.001229 
570 0.001096 0.001091 
571 0.001117 0.000954 
572 0.001137 0.000819 
573 0.001153 0.000684 
574 0.001167 0.000552 
575 0.001178 0.000422 
576 0.001186 0.000293 
577 0.001192 0.000167 
578 0.001195 0.000044 
579 0.001196 -0.000077 
580 0.001195 -0.000194 
581 0.001191 -0.000309 
582 0.001185 -0.000420 
583 0.001176 -0.000528 
584 0.001166 -0.000633 
585 0.001153 -0.000733 
586 0.001138 -0.000830 
587 0.001122 -0.000923 
588 0.001103 -0.001013 
589 0.001083 -0.001098 
590 0.001061 -0.001178 
591 0.001037 -0.001255 
592 0.001012 -0.001327 
593 0.000986 -0.001395 
594 0.000958 -0.001459 
595 0.000929 -0.001518 
596 0.000898 -0.001573 
597 0.000867 -0.001624 
598 0.000834 -0.001670 
599 0.000801 -0.001712 
